1 2
1 3
1 4
1 5
1 6
1 7
1 8
1 9
1 10
1 11
12 13
12 14
12 15
12 16
12 17
12 18
12 19
12 20
12 21
12 22
12 23
12 24
12 25
12 26
12 27
12 28
12 29
30 31
30 32
30 33
30 34
30 35
30 36
30 37
30 38
30 39
30 40
30 41
30 42
30 43
30 44
30 45
30 46
47 48
47 49
47 50
47 51
47 52
47 53
47 54
47 55
47 56
47 57
47 58
59 60
59 61
59 62
59 63
59 64
59 65
59 66
59 67
59 68
59 69
70 71
70 72
70 73
70 74
70 75
70 76
70 77
70 78
70 79
70 80
70 81
70 82
70 83
70 84
70 85
70 86
70 87
70 88
70 89
70 90
70 91
70 92
70 93
70 94
70 95
70 96
70 97
70 98
70 99
70 100
101 102
101 103
101 104
101 105
101 106
101 107
101 108
101 109
101 110
101 111
101 112
101 113
101 114
101 115
101 116
101 117
101 118
101 119
101 120
101 121
101 122
101 123
101 124
101 125
101 126
101 127
101 128
101 129
101 130
101 131
101 132
101 133
101 134
101 135
101 136
137 138
137 139
137 140
137 141
137 142
137 143
137 144
137 145
137 146
137 147
137 148
137 149
137 150
137 151
137 152
137 153
137 154
137 155
137 156
137 157
137 158
137 159
137 160
137 161
137 162
137 163
137 164
137 165
137 166
137 167
137 168
137 169
137 170
137 171
137 172
137 173
137 174
137 175
137 176
177 178
177 179
177 180
177 181
177 182
177 183
177 184
177 185
177 186
177 187
177 188
177 189
177 190
177 191
177 192
177 193
177 194
177 195
177 196
177 197
177 198
177 199
200 201
200 202
200 203
200 204
200 205
200 206
200 207
200 208
200 209
200 210
200 211
200 212
200 213
200 214
200 215
200 216
200 217
200 218
200 219
200 220
200 221
200 222
200 223
200 224
200 225
200 226
200 227
200 228
200 229
230 231
230 232
230 233
230 234
230 235
230 236
230 237
230 238
230 239
230 240
230 241
230 242
230 243
230 244
230 245
230 246
247 248
247 249
247 250
247 251
252 253
252 254
252 255
252 256
252 257
252 258
252 259
252 260
252 261
252 262
252 263
252 264
252 265
252 266
252 267
252 268
252 269
252 270
252 271
252 272
252 273
252 274
252 275
252 276
252 277
252 278
252 279
252 280
252 281
252 282
252 283
252 284
285 286
285 287
285 288
285 289
285 290
285 291
285 292
285 293
285 294
285 295
285 296
285 297
285 298
299 300
299 301
299 302
299 303
299 304
299 305
299 306
299 307
299 308
299 309
299 310
299 311
299 312
299 313
314 315
314 316
314 317
314 318
314 319
320 321
320 322
320 323
320 324
325 326
325 327
325 328
329 330
329 331
329 332
329 333
329 334
329 335
329 336
329 337
338 339
338 340
338 341
338 342
338 343
338 344
338 345
338 346
338 347
338 348
338 349
338 350
338 351
352 353
352 354
352 355
356 357
356 358
356 359
356 360
356 361
356 362
356 363
364 365
364 366
364 367
364 368
364 369
364 370
364 371
364 372
364 373
364 374
364 375
364 376
364 377
364 378
379 380
379 381
379 382
379 383
379 384
379 385
379 386
379 387
379 388
379 389
379 390
379 391
379 392
379 393
379 394
379 395
379 396
379 397
379 398
379 399
379 400
401 402
403 404
403 405
403 406
403 407
403 408
403 409
403 410
411 412
411 413
411 414
411 415
411 416
411 417
411 418
419 420
419 421
419 422
419 423
419 424
419 425
419 426
419 427
419 428
419 429
419 430
419 431
419 432
419 433
419 434
419 435
419 436
419 437
439 440
439 441
439 442
439 443
439 444
439 445
439 446
439 447
439 448
439 449
439 450
439 451
439 452
439 453
439 454
439 455
439 456
439 457
439 458
439 459
439 460
439 461
439 462
439 463
439 464
439 465
439 466
439 467
468 469
468 470
468 471
468 472
468 473
468 474
468 475
468 476
477 478
477 479
477 480
477 481
477 482
477 483
477 484
477 485
477 486
477 487
477 488
477 489
477 490
477 491
477 492
477 493
477 494
477 495
477 496
477 497
477 498
477 499
477 500
477 501
502 503
502 504
502 505
502 506
502 507
502 508
502 509
502 510
502 511
502 512
502 513
502 514
502 515
516 517
516 518
519 520
519 521
522 523
522 524
522 525
522 526
522 527
522 528
522 529
530 531
530 532
530 533
530 534
535 536
535 537
535 538
535 539
535 540
535 541
535 542
535 543
535 544
535 545
535 546
535 547
535 548
535 549
535 550
535 551
552 553
552 554
552 555
552 556
557 558
557 559
557 560
557 561
557 562
557 563
557 564
557 565
557 566
557 567
557 568
569 570
569 571
569 572
569 573
574 575
574 576
574 577
574 578
574 579
574 580
574 581
574 582
574 583
584 585
584 586
584 587
584 588
584 589
584 590
591 592
591 593
591 594
591 595
591 596
591 597
591 598
591 599
591 600
591 601
591 602
591 603
591 604
591 605
591 606
591 607
591 608
591 609
591 610
611 612
611 613
611 614
611 615
611 616
611 617
611 618
611 619
620 621
620 622
623 624
623 625
623 626
623 627
623 628
623 629
623 630
623 631
623 632
623 633
623 634
623 635
623 636
623 637
623 638
623 639
623 640
623 641
623 642
643 644
643 645
643 646
643 647
643 648
643 649
643 650
643 651
643 652
643 653
643 654
643 655
656 657
656 658
656 659
656 660
656 661
656 662
656 663
656 664
656 665
656 666
656 667
656 668
656 669
656 670
656 671
656 672
673 674
673 675
673 676
673 677
673 678
673 679
673 680
673 681
673 682
683 684
683 685
683 686
683 687
688 689
688 690
688 691
688 692
688 693
688 694
688 695
688 696
688 697
688 698
688 699
688 700
688 701
688 702
688 703
688 704
688 705
688 706
688 707
688 708
688 709
688 710
688 711
688 712
688 713
688 714
688 715
688 716
688 717
688 718
688 719
688 720
688 721
688 722
688 723
688 724
725 726
725 727
725 728
725 729
725 730
725 731
725 732
725 733
725 734
735 736
735 737
735 738
735 739
735 740
735 741
735 742
735 743
735 744
735 745
735 746
735 747
735 748
735 749
735 750
735 751
752 753
752 754
752 755
752 756
752 757
752 758
752 759
752 760
752 761
752 762
752 763
752 764
752 765
752 766
752 767
752 768
752 769
752 770
752 771
752 772
752 773
774 775
774 776
774 777
778 779
778 780
778 781
778 782
778 783
778 784
778 785
778 786
778 787
778 788
789 790
789 791
789 792
789 793
794 795
794 796
794 797
794 798
794 799
794 800
794 801
794 802
794 803
794 804
794 805
794 806
794 807
794 808
794 809
794 810
794 811
794 812
794 813
794 814
794 815
794 816
794 817
794 818
794 819
794 820
794 821
794 822
794 823
794 824
794 825
794 826
794 827
794 828
794 829
794 830
794 831
794 832
794 833
794 834
794 835
794 836
794 837
794 838
794 839
794 840
794 841
794 842
794 843
794 844
794 845
794 846
794 847
794 848
794 849
794 850
794 851
852 853
852 854
855 856
855 857
855 858
855 859
855 860
855 861
855 862
855 863
855 864
855 865
855 866
855 867
855 868
855 869
855 870
855 871
855 872
855 873
855 874
875 876
875 877
875 878
875 879
875 880
875 881
875 882
883 884
883 885
883 886
887 888
887 889
887 890
887 891
887 892
887 893
887 894
887 895
887 896
887 897
887 898
887 899
900 901
900 902
900 903
900 904
900 905
900 906
900 907
900 908
900 909
900 910
900 911
900 912
900 913
900 914
900 915
900 916
900 917
900 918
900 919
900 920
900 921
900 922
900 923
900 924
900 925
900 926
900 927
900 928
900 929
900 930
931 932
931 933
931 934
931 935
931 936
931 937
931 938
931 939
931 940
931 941
931 942
931 943
931 944
931 945
931 946
931 947
931 948
931 949
931 950
931 951
952 953
952 954
952 955
952 956
952 957
952 958
952 959
952 960
952 961
952 962
952 963
952 964
952 965
952 966
968 969
968 970
968 971
968 972
968 973
968 974
968 975
968 976
968 977
968 978
968 979
968 980
968 981
968 982
968 983
968 984
985 986
985 987
985 988
985 989
985 990
985 991
985 992
985 993
985 994
985 995
996 997
996 998
996 999
996 1000
996 1001
996 1002
996 1003
996 1004
1005 1006
1005 1007
1005 1008
1005 1009
1005 1010
1005 1011
1005 1012
1005 1013
1005 1014
1015 1016
1015 1017
1015 1018
1015 1019
1015 1020
1015 1021
1015 1022
1015 1023
1015 1024
1015 1025
1015 1026
1015 1027
1015 1028
1015 1029
1015 1030
1015 1031
1032 1033
1032 1034
1032 1035
1032 1036
1032 1037
1032 1038
1032 1039
1032 1040
1032 1041
1032 1042
1032 1043
1032 1044
1032 1045
1032 1046
1047 1048
1047 1049
1047 1050
1047 1051
1047 1052
1047 1053
1047 1054
1047 1055
1047 1056
1047 1057
1047 1058
1047 1059
1047 1060
1047 1061
1047 1062
1047 1063
1047 1064
1065 1066
1065 1067
1065 1068
1069 1070
1069 1071
1069 1072
1069 1073
1069 1074
1075 1076
1075 1077
1075 1078
1075 1079
1075 1080
1075 1081
1075 1082
1075 1083
1075 1084
1075 1085
1075 1086
1075 1087
1075 1088
1075 1089
1075 1090
1091 1092
1091 1093
1091 1094
1091 1095
1091 1096
1091 1097
1091 1098
1091 1099
1091 1100
1101 1102
1103 1104
1103 1105
1103 1106
1103 1107
1108 1109
1108 1110
1108 1111
1108 1112
1113 1114
1113 1115
1113 1116
1113 1117
1113 1118
1113 1119
1113 1120
1113 1121
1113 1122
1113 1123
1124 1125
1124 1126
1124 1127
1124 1128
1124 1129
1124 1130
1131 1132
1131 1133
1131 1134
1131 1135
1131 1136
1131 1137
1131 1138
1131 1139
1140 1141
1140 1142
1140 1143
1140 1144
1140 1145
1140 1146
1140 1147
1140 1148
1149 1150
1149 1151
1149 1152
1149 1153
1149 1154
1149 1155
1149 1156
1149 1157
1149 1158
1149 1159
1149 1160
1149 1161
1149 1162
1149 1163
1149 1164
1149 1165
1149 1166
1167 1168
1167 1169
1167 1170
1167 1171
1167 1172
1167 1173
1167 1174
1167 1175
1167 1176
1167 1177
1167 1178
1179 1180
1179 1181
1179 1182
1179 1183
1179 1184
1179 1185
1179 1186
1179 1187
1179 1188
1179 1189
1190 1191
1190 1192
1190 1193
1190 1194
1190 1195
1190 1196
1190 1197
1190 1198
1190 1199
1190 1200
1190 1201
1190 1202
1190 1203
1190 1204
1190 1205
1208 1209
1208 1210
1211 1212
1211 1213
1211 1214
1211 1215
1211 1216
1211 1217
1218 1219
1218 1220
1218 1221
1218 1222
1218 1223
1218 1224
1218 1225
1218 1226
1218 1227
1218 1228
1218 1229
1218 1230
1218 1231
1218 1232
1218 1233
1218 1234
1218 1235
1218 1236
1218 1237
1218 1238
1218 1239
1218 1240
1218 1241
1242 1243
1242 1244
1242 1245
1242 1246
1242 1247
1242 1248
1242 1249
1242 1250
1242 1251
1242 1252
1242 1253
1242 1254
1242 1255
1242 1256
1257 1258
1257 1259
1257 1260
1257 1261
1257 1262
1257 1263
1257 1264
1257 1265
1257 1266
1257 1267
1257 1268
1257 1269
1257 1270
1257 1271
1257 1272
1257 1273
1257 1274
1257 1275
1276 1277
1276 1278
1276 1279
1276 1280
1276 1281
1283 1284
1285 1286
1285 1287
1285 1288
1285 1289
1285 1290
1285 1291
1285 1292
1285 1293
1285 1294
1285 1295
1285 1296
1297 1298
1297 1299
1297 1300
1297 1301
1297 1302
1297 1303
1297 1304
1297 1305
1297 1306
1297 1307
1297 1308
1297 1309
1297 1310
1297 1311
1312 1313
1312 1314
1312 1315
1312 1316
1312 1317
1318 1319
1318 1320
1318 1321
1322 1323
1322 1324
1322 1325
1322 1326
1322 1327
1322 1328
1322 1329
1322 1330
1322 1331
1332 1333
1332 1334
1332 1335
1332 1336
1332 1337
1332 1338
1332 1339
1332 1340
1332 1341
1332 1342
1332 1343
1332 1344
1332 1345
1332 1346
1332 1347
1332 1348
1332 1349
1350 1351
1350 1352
1350 1353
1354 1355
1354 1356
1354 1357
1354 1358
1354 1359
1362 1363
1362 1364
1362 1365
1362 1366
1362 1367
1362 1368
1362 1369
1370 1371
1370 1372
1370 1373
1370 1374
1370 1375
1370 1376
1370 1377
1370 1378
1370 1379
1370 1380
1370 1381
1370 1382
1370 1383
1370 1384
1370 1385
1370 1386
1370 1387
1370 1388
1370 1389
1370 1390
1370 1391
1370 1392
1370 1393
1370 1394
1370 1395
1396 1397
1396 1398
1396 1399
1396 1400
1396 1401
1396 1402
1403 1404
1403 1405
1403 1406
1403 1407
1403 1408
1403 1409
1403 1410
1403 1411
1403 1412
1403 1413
1414 1415
1414 1416
1414 1417
1414 1418
1414 1419
1414 1420
1414 1421
1414 1422
1414 1423
1414 1424
1414 1425
1426 1427
1426 1428
1426 1429
1426 1430
1426 1431
1426 1432
1426 1433
1426 1434
1435 1436
1435 1437
1435 1438
1435 1439
1435 1440
1435 1441
1442 1443
1442 1444
1442 1445
1446 1447
1446 1448
1446 1449
1446 1450
1451 1452
1453 1454
1453 1455
1456 1457
1456 1458
1459 1460
1459 1461
1459 1462
1459 1463
1464 1465
1466 1467
1466 1468
1469 1470
1471 1472
1474 1475
1474 1476
1474 1477
1474 1478
1474 1479
1474 1480
1474 1481
1474 1482
1474 1483
1485 1486
1485 1487
1488 1489
1488 1490
1488 1491
1488 1492
1488 1493
1488 1494
1495 1496
1495 1497
1495 1498
1495 1499
1495 1500
1495 1501
1495 1502
1495 1503
1495 1504
1495 1505
1495 1506
1495 1507
1508 1509
1508 1510
1508 1511
1508 1512
1508 1513
1514 1515
1514 1516
1514 1517
1514 1518
1514 1519
1514 1520
1514 1521
1514 1522
1514 1523
1514 1524
1514 1525
1514 1526
1514 1527
1528 1529
1528 1530
1528 1531
1528 1532
1528 1533
1528 1534
1528 1535
1536 1537
1536 1538
1536 1539
1536 1540
1536 1541
1536 1542
1536 1543
1536 1544
1536 1545
1536 1546
1536 1547
1536 1548
1549 1550
1549 1551
1549 1552
1549 1553
1549 1554
1549 1555
1556 1557
1556 1558
1556 1559
1556 1560
1556 1561
1556 1562
1556 1563
1564 1565
1564 1566
1564 1567
1568 1569
1568 1570
1568 1571
1572 1573
1572 1574
1572 1575
1572 1576
1572 1577
1572 1578
1579 1580
1579 1581
1579 1582
1579 1583
1579 1584
1579 1585
1579 1586
1579 1587
1579 1588
1579 1589
1579 1590
1579 1591
1579 1592
1579 1593
1579 1594
1579 1595
1579 1596
1579 1597
1598 1599
1598 1600
1598 1601
1598 1602
1603 1604
1603 1605
1606 1607
1608 1609
1608 1610
1608 1611
1608 1612
1608 1613
1608 1614
1608 1615
1608 1616
1608 1617
1608 1618
1608 1619
1608 1620
1608 1621
1608 1622
1608 1623
1608 1624
1608 1625
1626 1627
1626 1628
1626 1629
1626 1630
1626 1631
1626 1632
1626 1633
1634 1635
1634 1636
1634 1637
1638 1639
1638 1640
1638 1641
1638 1642
1638 1643
1638 1644
1638 1645
1638 1646
1638 1647
1638 1648
1638 1649
1638 1650
1638 1651
1638 1652
1638 1653
1638 1654
1638 1655
1638 1656
1638 1657
1638 1658
1659 1660
1659 1661
1659 1662
1659 1663
1664 1665
1664 1666
1664 1667
1664 1668
1669 1670
1669 1671
1669 1672
1669 1673
1676 1677
1678 1679
1680 1681
1680 1682
1680 1683
1680 1684
1680 1685
1687 1688
1687 1689
1690 1691
1690 1692
1690 1693
1694 1695
1696 1697
1696 1698
1699 1700
1699 1701
1699 1702
1699 1703
1699 1704
1699 1705
1699 1706
1699 1707
1708 1709
1708 1710
1708 1711
1712 1713
1712 1714
1712 1715
1712 1716
1712 1717
1712 1718
1712 1719
1720 1721
1720 1722
1720 1723
1724 1725
1724 1726
1727 1728
1727 1729
1727 1730
1731 1732
1731 1733
1731 1734
1735 1736
1735 1737
1735 1738
1735 1739
1735 1740
1742 1743
1742 1744
1742 1745
1742 1746
1742 1747
1742 1748
1742 1749
1742 1750
1742 1751
1752 1753
1752 1754
1752 1755
1752 1756
1752 1757
1752 1758
1752 1759
1752 1760
1752 1761
1752 1762
1752 1763
1752 1764
1765 1766
1765 1767
1768 1769
1768 1770
1768 1771
1768 1772
1768 1773
1768 1774
1768 1775
1768 1776
1777 1778
1779 1780
1779 1781
1779 1782
1779 1783
1784 1785
1784 1786
1784 1787
1784 1788
1784 1789
1784 1790
1791 1792
1791 1793
1791 1794
1791 1795
1791 1796
1791 1797
1791 1798
1791 1799
1791 1800
1791 1801
1791 1802
1791 1803
1791 1804
1791 1805
1791 1806
1791 1807
1791 1808
1791 1809
1791 1810
1811 1812
1811 1813
1811 1814
1811 1815
1816 1817
1818 1819
1818 1820
1821 1822
1821 1823
1821 1824
1821 1825
1826 1827
1826 1828
1829 1830
1831 1832
1831 1833
1831 1834
1831 1835
1836 1837
1836 1838
1836 1839
1840 1841
1840 1842
1840 1843
1846 1847
1846 1848
1846 1849
1850 1851
1850 1852
1850 1853
1850 1854
1855 1856
1855 1857
1858 1859
1858 1860
1858 1861
1862 1863
1862 1864
1862 1865
1862 1866
1862 1867
1868 1869
1868 1870
1871 1872
1874 1875
1874 1876
1877 1878
1877 1879
1880 1881
1880 1882
1880 1883
1880 1884
1885 1886
1885 1887
1888 1889
1888 1890
1888 1891
1892 1893
1894 1895
1894 1896
1894 1897
1894 1898
1894 1899
1894 1900
1894 1901
1894 1902
1894 1903
1894 1904
1894 1905
1906 1907
1906 1908
1906 1909
1906 1910
1906 1911
1906 1912
1906 1913
1906 1914
1915 1916
1915 1917
1919 1920
1919 1921
1919 1922
1919 1923
1919 1924
1925 1926
1925 1927
1928 1929
1928 1930
1928 1931
1928 1932
1928 1933
1934 1935
1934 1936
1934 1937
1934 1938
1939 1940
1939 1941
1942 1943
1942 1944
1945 1946
1945 1947
1945 1948
1945 1949
1945 1950
1951 1952
1954 1955
1956 1957
1956 1958
1956 1959
1960 1961
1960 1962
1960 1963
1960 1964
1965 1966
1967 1968
1967 1969
1967 1970
1967 1971
1967 1972
1967 1973
1967 1974
1967 1975
1967 1976
1967 1977
1967 1978
1967 1979
1967 1980
1967 1981
1967 1982
1967 1983
1967 1984
1967 1985
1967 1986
1967 1987
1967 1988
1967 1989
1967 1990
1967 1991
1967 1992
1967 1993
1967 1994
1967 1995
1967 1996
1967 1997
1967 1998
1967 1999
1967 2000
1967 2001
1967 2002
1967 2003
2004 2005
2004 2006
2007 2008
2007 2009
2010 2011
2010 2012
2010 2013
2010 2014
2010 2015
2010 2016
2018 2019
2018 2020
2021 2022
2021 2023
2024 2025
2024 2026
2027 2028
2029 2030
2029 2031
2029 2032
2029 2033
2029 2034
2029 2035
2029 2036
2029 2037
2029 2038
2029 2039
2029 2040
2041 2042
2041 2043
2044 2045
2046 2047
2046 2048
2046 2049
2046 2050
2046 2051
2053 2054
2055 2056
2057 2058
2057 2059
2057 2060
2061 2062
2061 2063
2061 2064
2061 2065
2066 2067
2066 2068
2069 2070
2069 2071
2069 2072
2069 2073
2069 2074
2076 2077
2076 2078
2076 2079
2076 2080
2076 2081
2076 2082
2076 2083
2076 2084
2076 2085
2076 2086
2076 2087
2076 2088
2076 2089
2076 2090
2076 2091
2076 2092
2093 2094
2093 2095
2093 2096
2093 2097
2098 2099
2098 2100
2098 2101
2098 2102
2103 2104
2105 2106
2105 2107
2108 2109
2108 2110
2108 2111
2108 2112
2108 2113
2114 2115
2116 2117
2116 2118
2119 2120
2119 2121
2119 2122
2119 2123
2119 2124
2125 2126
2125 2127
2125 2128
2130 2131
2130 2132
2130 2133
2130 2134
2130 2135
2130 2136
2137 2138
2137 2139
2137 2140
2141 2142
2143 2144
2143 2145
2143 2146
2147 2148
2147 2149
2147 2150
2147 2151
2147 2152
2147 2153
2154 2155
2154 2156
2154 2157
2154 2158
2154 2159
2160 2161
2162 2163
2162 2164
2162 2165
2162 2166
2162 2167
2162 2168
2169 2170
2169 2171
2172 2173
2174 2175
2174 2176
2174 2177
2174 2178
2174 2179
2180 2181
2180 2182
2180 2183
2180 2184
2180 2185
2186 2187
2188 2189
2188 2190
2188 2191
2192 2193
2192 2194
2192 2195
2192 2196
2197 2198
2197 2199
2201 2202
2203 2204
2203 2205
2203 2206
2207 2208
2207 2209
2211 2212
2213 2214
2213 2215
2216 2217
2216 2218
2219 2220
2219 2221
2219 2222
2219 2223
2219 2224
2219 2225
2227 2228
2227 2229
2227 2230
2231 2232
2231 2233
2231 2234
2231 2235
2231 2236
2231 2237
2231 2238
2231 2239
2231 2240
2231 2241
2242 2243
2244 2245
2244 2246
2248 2249
2248 2250
2248 2251
2248 2252
2248 2253
2248 2254
2248 2255
2248 2256
2248 2257
2248 2258
2248 2259
2248 2260
2261 2262
2263 2264
2263 2265
2263 2266
2263 2267
2268 2269
2268 2270
2268 2271
2268 2272
2268 2273
2268 2274
2268 2275
2268 2276
2268 2277
2268 2278
2268 2279
2268 2280
2268 2281
2268 2282
2268 2283
2268 2284
2268 2285
2286 2287
2286 2288
2289 2290
2289 2291
2292 2293
2292 2294
2292 2295
2292 2296
2292 2297
2292 2298
2299 2300
2299 2301
2305 2306
2305 2307
2305 2308
2309 2310
2309 2311
2309 2312
2309 2313
2309 2314
2315 2316
2315 2317
2318 2319
2318 2320
2318 2321
2322 2323
2322 2324
2325 2326
2325 2327
2328 2329
2330 2331
2332 2333
2334 2335
2336 2337
2336 2338
2340 2341
2343 2344
2346 2347
2346 2348
2346 2349
2346 2350
2351 2352
2351 2353
2351 2354
2351 2355
2351 2356
2351 2357
2351 2358
2351 2359
2360 2361
2360 2362
2360 2363
2360 2364
2365 2366
2367 2368
2367 2369
2367 2370
2367 2371
2372 2373
2374 2375
2374 2376
2374 2377
2378 2379
2380 2381
2385 2386
2385 2387
2385 2388
2385 2389
2385 2390
2385 2391
2392 2393
2394 2395
2396 2397
2396 2398
2396 2399
2400 2401
2403 2404
2406 2407
2406 2408
2406 2409
2410 2411
2410 2412
2410 2413
2410 2414
2410 2415
2410 2416
2410 2417
2418 2419
2418 2420
2422 2423
2422 2424
2422 2425
2422 2426
2422 2427
2428 2429
2428 2430
2428 2431
2428 2432
2428 2433
2434 2435
2434 2436
2437 2438
2437 2439
2437 2440
2437 2441
2442 2443
2442 2444
2442 2445
2442 2446
2447 2448
2447 2449
2447 2450
2447 2451
2452 2453
2454 2455
2456 2457
2456 2458
2456 2459
2456 2460
2456 2461
2462 2463
2462 2464
2465 2466
2467 2468
2467 2469
2467 2470
2471 2472
2471 2473
2471 2474
2475 2476
2475 2477
2478 2479
2478 2480
2478 2481
2482 2483
2482 2484
2482 2485
2482 2486
2482 2487
2482 2488
2482 2489
2482 2490
2482 2491
2492 2493
2492 2494
2492 2495
2492 2496
2492 2497
2498 2499
2500 2501
2500 2502
2500 2503
2500 2504
2500 2505
2508 2509
2508 2510
2508 2511
2514 2515
2514 2516
2517 2518
2517 2519
2517 2520
2521 2522
2521 2523
2524 2525
2524 2526
2524 2527
2529 2530
2531 2532
2531 2533
2531 2534
2536 2537
2536 2538
2536 2539
2540 2541
2540 2542
2543 2544
2543 2545
2547 2548
2547 2549
2551 2552
2554 2555
2554 2556
2554 2557
2554 2558
2559 2560
2559 2561
2559 2562
2559 2563
2564 2565
2564 2566
2567 2568
2567 2569
2571 2572
2573 2574
2573 2575
2577 2578
2577 2579
2577 2580
2581 2582
2581 2583
2581 2584
2581 2585
2581 2586
2581 2587
2588 2589
2588 2590
2591 2592
2591 2593
2591 2594
2591 2595
2596 2597
2596 2598
2596 2599
2600 2601
2602 2603
2604 2605
2604 2606
2607 2608
2609 2610
2609 2611
2613 2614
2613 2615
2613 2616
2613 2617
2620 2621
2620 2622
2620 2623
2620 2624
2620 2625
2620 2626
2620 2627
2628 2629
2628 2630
2632 2633
2632 2634
2636 2637
2636 2638
2639 2640
2639 2641
2639 2642
2639 2643
2639 2644
2639 2645
2648 2649
2648 2650
2651 2652
2655 2656
2657 2658
2659 2660
2659 2661
2659 2662
2659 2663
2664 2665
2664 2666
2668 2669
2670 2671
2672 2673
2672 2674
2672 2675
2676 2677
2678 2679
2678 2680
2678 2681
2682 2683
2682 2684
2682 2685
2682 2686
2687 2688
2687 2689
2691 2692
2693 2694
2693 2695
2693 2696
2693 2697
2693 2698
2693 2699
2700 2701
2703 2704
2705 2706
2705 2707
2705 2708
2710 2711
2710 2712
2710 2713
2710 2714
2710 2715
2710 2716
2710 2717
2710 2718
2710 2719
2710 2720
2710 2721
2710 2722
2710 2723
2710 2724
2710 2725
2710 2726
2710 2727
2710 2728
2710 2729
2710 2730
2710 2731
2710 2732
2710 2733
2710 2734
2735 2736
2738 2739
2738 2740
2742 2743
2744 2745
2744 2746
2747 2748
2747 2749
2747 2750
2747 2751
2747 2752
2755 2756
2759 2760
2761 2762
2766 2767
2766 2768
2769 2770
2771 2772
2771 2773
2771 2774
2771 2775
2776 2777
2779 2780
2779 2781
2783 2784
2783 2785
2783 2786
2783 2787
2783 2788
2790 2791
2792 2793
2795 2796
